%YAML:1.0
---
calibration_time: "Wed 07 Dec 2016 01:18:16 AM PST"
image_width: 2304
image_height: 1296
board_width: 9
board_height: 6
square_size: 23.
aspectRatio: 1.
flags: 2
camera_matrix: !!opencv-matrix
   rows: 3
   cols: 3
   dt: d
   data: [ 1.8954705456699330e+03, 0., 1.1845335574051542e+03, 0.,
       1.8954705456699330e+03, 6.7028832551146036e+02, 0., 0., 1. ]
distortion_coefficients: !!opencv-matrix
   rows: 5
   cols: 1
   dt: d
   data: [ 2.4013693806580441e-01, -1.6583514299888240e+00,
       9.5974404987144563e-04, 1.1052645233895235e-03,
       3.7649861561464220e+00 ]
avg_reprojection_error: 7.9490672953929620e-01
